school,page_type,stage,source_url,priority,need_dynamic,latest_status,latest_http_status,latest_title,latest_final_url,latest_crawled_at,latest_raw_file,latest_content_type,latest_char_count,usable_status,usable_title,usable_final_url,usable_crawled_at,usable_raw_file,usable_content_type,usable_char_count,attempt_count,success_count,last_success_at,raw_file_exists,needs_attention,attention_reason,latest_error
CUHK,accommodation,housing,https://www.gs.cuhk.edu.hk/admissions/campus-support,1,no,success,200.0,Campus Support | CUHK Graduate School,https://www.gs.cuhk.edu.hk/admissions/campus-support,2026-06-25T15:27:17+00:00,data/raw_pages/cuhk__accommodation__35b0b3c904.txt,text/html,6054,success,Campus Support | CUHK Graduate School,https://www.gs.cuhk.edu.hk/admissions/campus-support,2026-06-25T15:27:17+00:00,data/raw_pages/cuhk__accommodation__35b0b3c904.txt,text/html,6054,1,1,2026-06-25T15:27:17+00:00,yes,no,,
CUHK,admitted_student,offer_acceptance,https://www.gs.cuhk.edu.hk/admissions,1,no,success,200.0,Prospective Students | CUHK Graduate School,https://www.gs.cuhk.edu.hk/admissions,2026-06-25T15:27:11+00:00,data/raw_pages/cuhk__admitted_student__64ca8bf2b6.txt,text/html,8466,success,Prospective Students | CUHK Graduate School,https://www.gs.cuhk.edu.hk/admissions,2026-06-25T15:27:11+00:00,data/raw_pages/cuhk__admitted_student__64ca8bf2b6.txt,text/html,8466,1,1,2026-06-25T15:27:11+00:00,yes,no,,
CUHK,registration,registration,https://www.gs.cuhk.edu.hk/registration/how-to-register,1,no,success,200.0,How to Register | CUHK Graduate School,https://www.gs.cuhk.edu.hk/registration/how-to-register,2026-06-25T15:27:17+00:00,data/raw_pages/cuhk__registration__88e2339976.txt,text/html,2860,success,How to Register | CUHK Graduate School,https://www.gs.cuhk.edu.hk/registration/how-to-register,2026-06-25T15:27:17+00:00,data/raw_pages/cuhk__registration__88e2339976.txt,text/html,2860,1,1,2026-06-25T15:27:17+00:00,yes,no,,
CUHK,visa,visa,https://www.gs.cuhk.edu.hk/registration/visa-application,1,no,success,200.0,Visa Application | CUHK Graduate School,https://www.gs.cuhk.edu.hk/registration/visa-application,2026-06-25T15:27:16+00:00,data/raw_pages/cuhk__visa__100382c5a1.txt,text/html,7485,success,Visa Application | CUHK Graduate School,https://www.gs.cuhk.edu.hk/registration/visa-application,2026-06-25T15:27:16+00:00,data/raw_pages/cuhk__visa__100382c5a1.txt,text/html,7485,1,1,2026-06-25T15:27:16+00:00,yes,no,,
CUHK,faq,general,https://www.gs.cuhk.edu.hk/admissions/faqs,2,no,success_dynamic,200.0,FAQ | CUHK Graduate School,https://www.gs.cuhk.edu.hk/admissions/faqs,2026-06-29T15:13:28+00:00,data/raw_pages/cuhk__faq__63d14d2352.txt,text/html,20168,success_dynamic,FAQ | CUHK Graduate School,https://www.gs.cuhk.edu.hk/admissions/faqs,2026-06-29T15:13:28+00:00,data/raw_pages/cuhk__faq__63d14d2352.txt,text/html,20168,3,3,2026-06-29T15:13:28+00:00,yes,no,,expanded_clicks=4; before_chars=18309; after_visible_chars=18309
CUHK,orientation,orientation,https://www.gs.cuhk.edu.hk/academics/preparation-for-new-academic-year,2,no,success,200.0,Preparation for New Academic Year (2025-26) | CUHK Graduate School,https://www.gs.cuhk.edu.hk/academics/preparation-for-new-academic-year,2026-06-25T15:27:19+00:00,data/raw_pages/cuhk__orientation__087bab22a6.txt,text/html,10033,success,Preparation for New Academic Year (2025-26) | CUHK Graduate School,https://www.gs.cuhk.edu.hk/academics/preparation-for-new-academic-year,2026-06-25T15:27:19+00:00,data/raw_pages/cuhk__orientation__087bab22a6.txt,text/html,10033,1,1,2026-06-25T15:27:19+00:00,yes,no,,
CUHK,tuition,payment,https://www.gs.cuhk.edu.hk/academics/preparation-for-new-academic-year,2,no,success,200.0,Preparation for New Academic Year (2025-26) | CUHK Graduate School,https://www.gs.cuhk.edu.hk/academics/preparation-for-new-academic-year,2026-06-25T15:27:20+00:00,data/raw_pages/cuhk__tuition__087bab22a6.txt,text/html,10033,success,Preparation for New Academic Year (2025-26) | CUHK Graduate School,https://www.gs.cuhk.edu.hk/academics/preparation-for-new-academic-year,2026-06-25T15:27:20+00:00,data/raw_pages/cuhk__tuition__087bab22a6.txt,text/html,10033,1,1,2026-06-25T15:27:20+00:00,yes,no,,
CityU,accommodation,housing,https://www.cityu.edu.hk/sro/StudentHousing/PGHalls/MDS/,1,yes,success_dynamic,200.0,Hall Residence for CityUHK Full-time Master’s Degree Students in 2026/27 | Student Residence Office | City University of Hong Kong,https://www.cityu.edu.hk/sro/StudentHousing/PGHalls/MDS/,2026-06-29T00:45:16+00:00,data/raw_pages/cityu__accommodation__fff57ce952.txt,text/html,5595,success_dynamic,Hall Residence for CityUHK Full-time Master’s Degree Students in 2026/27 | Student Residence Office | City University of Hong Kong,https://www.cityu.edu.hk/sro/StudentHousing/PGHalls/MDS/,2026-06-29T00:45:16+00:00,data/raw_pages/cityu__accommodation__fff57ce952.txt,text/html,5595,2,1,2026-06-29T00:45:16+00:00,yes,no,,
CityU,admitted_student,offer_acceptance,https://www.cityu.edu.hk/pg/taught-postgraduate-programmes,1,yes,success_dynamic,200.0,Master's Programmes : Introduction | CityUHK Postgraduate Admissions,https://www.cityu.edu.hk/en/pg/taught-postgraduate-programmes/introduction,2026-06-29T00:44:42+00:00,data/raw_pages/cityu__admitted_student__2e71d68c28.txt,text/html,2483,success_dynamic,Master's Programmes : Introduction | CityUHK Postgraduate Admissions,https://www.cityu.edu.hk/en/pg/taught-postgraduate-programmes/introduction,2026-06-29T00:44:42+00:00,data/raw_pages/cityu__admitted_student__2e71d68c28.txt,text/html,2483,2,1,2026-06-29T00:44:42+00:00,yes,no,,
CityU,registration,registration,https://www.cityu.edu.hk/arro/,1,yes,success_dynamic,200.0,Academic Regulations and Records Office,https://www.cityu.edu.hk/arro/,2026-06-29T00:45:37+00:00,data/raw_pages/cityu__registration__1fecbe0a2a.txt,text/html,3673,success_dynamic,Academic Regulations and Records Office,https://www.cityu.edu.hk/arro/,2026-06-29T00:45:37+00:00,data/raw_pages/cityu__registration__1fecbe0a2a.txt,text/html,3673,2,1,2026-06-29T00:45:37+00:00,yes,no,,
CityU,visa,visa,https://www.cityu.edu.hk/geo/non-local-students/visa,1,yes,success_dynamic,200.0,Student Visa / Entry Permit | CityUHK Admission,https://www.cityu.edu.hk/admo/non-local-students/visa/student-visa,2026-06-29T00:45:03+00:00,data/raw_pages/cityu__visa__9a7c84e396.txt,text/html,8197,success_dynamic,Student Visa / Entry Permit | CityUHK Admission,https://www.cityu.edu.hk/admo/non-local-students/visa/student-visa,2026-06-29T00:45:03+00:00,data/raw_pages/cityu__visa__9a7c84e396.txt,text/html,8197,3,2,2026-06-29T00:45:03+00:00,yes,no,,
CityU,faq,general,https://www.cityu.edu.hk/pg/taught-postgraduate-programmes/faq,2,yes,success_dynamic,200.0,Master's Programmes : FAQs | CityUHK Postgraduate Admissions,https://www.cityu.edu.hk/pg/taught-postgraduate-programmes/faq,2026-06-29T00:47:42+00:00,data/raw_pages/cityu__faq__f3c7b444a7.txt,text/html,41719,success_dynamic,Master's Programmes : FAQs | CityUHK Postgraduate Admissions,https://www.cityu.edu.hk/pg/taught-postgraduate-programmes/faq,2026-06-29T00:47:42+00:00,data/raw_pages/cityu__faq__f3c7b444a7.txt,text/html,41719,1,1,2026-06-29T00:47:42+00:00,yes,no,,
CityU,orientation,orientation,https://www.cityu.edu.hk/orientation/event/postgraduate-student-orientation,2,yes,success_dynamic,200.0,Postgraduate Student Orientation | Student Orientation 2025,https://www.cityu.edu.hk/orientation/event/postgraduate-student-orientation,2026-06-29T00:47:43+00:00,data/raw_pages/cityu__orientation__bafe138fc7.txt,text/html,2694,success_dynamic,Postgraduate Student Orientation | Student Orientation 2025,https://www.cityu.edu.hk/orientation/event/postgraduate-student-orientation,2026-06-29T00:47:43+00:00,data/raw_pages/cityu__orientation__bafe138fc7.txt,text/html,2694,1,1,2026-06-29T00:47:43+00:00,yes,no,,
CityU,tuition,payment,https://www.cityu.edu.hk/pg/taught-postgraduate-programmes,2,yes,success_dynamic,200.0,Master's Programmes : Introduction | CityUHK Postgraduate Admissions,https://www.cityu.edu.hk/pg/taught-postgraduate-programmes/introduction,2026-06-29T00:45:27+00:00,data/raw_pages/cityu__tuition__2e71d68c28.txt,text/html,2483,success_dynamic,Master's Programmes : Introduction | CityUHK Postgraduate Admissions,https://www.cityu.edu.hk/pg/taught-postgraduate-programmes/introduction,2026-06-29T00:45:27+00:00,data/raw_pages/cityu__tuition__2e71d68c28.txt,text/html,2483,2,1,2026-06-29T00:45:27+00:00,yes,no,,
EdUHK,accommodation,housing,https://gs.eduhk.hk/prospective/information-for-non-local-student/,1,yes,success_dynamic,200.0,"Information for Non-Local Student – Graduate School, The Education University of Hong Kong",https://gs.eduhk.hk/prospective/information-for-non-local-student/,2026-06-29T01:07:21+00:00,data/raw_pages/eduhk__accommodation__d50d25f12a.txt,text/html,1276,success_dynamic,"Information for Non-Local Student – Graduate School, The Education University of Hong Kong",https://gs.eduhk.hk/prospective/information-for-non-local-student/,2026-06-29T01:07:21+00:00,data/raw_pages/eduhk__accommodation__d50d25f12a.txt,text/html,1276,2,2,2026-06-29T01:07:21+00:00,yes,no,,
EdUHK,admitted_student,offer_acceptance,https://gs.eduhk.hk/prospective/after-getting-an-offer/,1,no,success,200.0,"After Getting an Offer – Graduate School, The Education University of Hong Kong",https://gs.eduhk.hk/prospective/after-getting-an-offer/,2026-06-25T15:29:13+00:00,data/raw_pages/eduhk__admitted_student__ba8813070f.txt,text/html,2047,success,"After Getting an Offer – Graduate School, The Education University of Hong Kong",https://gs.eduhk.hk/prospective/after-getting-an-offer/,2026-06-25T15:29:13+00:00,data/raw_pages/eduhk__admitted_student__ba8813070f.txt,text/html,2047,1,1,2026-06-25T15:29:13+00:00,yes,no,,
EdUHK,registration,registration,https://gs.eduhk.hk/prospective/after-getting-an-offer/,1,no,success,200.0,"After Getting an Offer – Graduate School, The Education University of Hong Kong",https://gs.eduhk.hk/prospective/after-getting-an-offer/,2026-06-25T15:29:21+00:00,data/raw_pages/eduhk__registration__ba8813070f.txt,text/html,2047,success,"After Getting an Offer – Graduate School, The Education University of Hong Kong",https://gs.eduhk.hk/prospective/after-getting-an-offer/,2026-06-25T15:29:21+00:00,data/raw_pages/eduhk__registration__ba8813070f.txt,text/html,2047,1,1,2026-06-25T15:29:21+00:00,yes,no,,
EdUHK,tuition,payment,https://gs.eduhk.hk/pg-programmes-2026/application-admission.html,1,no,success,200.0,Application & Admission,https://gs.eduhk.hk/pg-programmes-2026/application-admission.html,2026-06-25T15:29:21+00:00,data/raw_pages/eduhk__tuition__595e96ff68.txt,text/html,19879,success,Application & Admission,https://gs.eduhk.hk/pg-programmes-2026/application-admission.html,2026-06-25T15:29:21+00:00,data/raw_pages/eduhk__tuition__595e96ff68.txt,text/html,19879,1,1,2026-06-25T15:29:21+00:00,yes,no,,
EdUHK,visa,visa,https://gs.eduhk.hk/prospective/information-for-non-local-student/,1,yes,success_dynamic,200.0,"Information for Non-Local Student – Graduate School, The Education University of Hong Kong",https://gs.eduhk.hk/prospective/information-for-non-local-student/,2026-06-29T01:07:05+00:00,data/raw_pages/eduhk__visa__d50d25f12a.txt,text/html,1276,success_dynamic,"Information for Non-Local Student – Graduate School, The Education University of Hong Kong",https://gs.eduhk.hk/prospective/information-for-non-local-student/,2026-06-29T01:07:05+00:00,data/raw_pages/eduhk__visa__d50d25f12a.txt,text/html,1276,2,2,2026-06-29T01:07:05+00:00,yes,no,,
EdUHK,faq,general,https://gs.eduhk.hk/prospective/information-for-non-local-student/,2,yes,success_dynamic,200.0,"Information for Non-Local Student – Graduate School, The Education University of Hong Kong",https://gs.eduhk.hk/prospective/information-for-non-local-student/,2026-06-29T01:07:27+00:00,data/raw_pages/eduhk__faq__d50d25f12a.txt,text/html,1276,success_dynamic,"Information for Non-Local Student – Graduate School, The Education University of Hong Kong",https://gs.eduhk.hk/prospective/information-for-non-local-student/,2026-06-29T01:07:27+00:00,data/raw_pages/eduhk__faq__d50d25f12a.txt,text/html,1276,2,2,2026-06-29T01:07:27+00:00,yes,no,,
EdUHK,orientation,orientation,https://gs.eduhk.hk/current/student-support/,2,no,success,200.0,"Student Support – Graduate School, The Education University of Hong Kong",https://gs.eduhk.hk/current/student-support/,2026-06-25T15:29:23+00:00,data/raw_pages/eduhk__orientation__7a7e6b912a.txt,text/html,8415,success,"Student Support – Graduate School, The Education University of Hong Kong",https://gs.eduhk.hk/current/student-support/,2026-06-25T15:29:23+00:00,data/raw_pages/eduhk__orientation__7a7e6b912a.txt,text/html,8415,1,1,2026-06-25T15:29:23+00:00,yes,no,,
HKBU,admitted_student,offer_acceptance,https://ar.hkbu.edu.hk/tpg-studies/prospective-student/how-to-apply/5-after-accepting-an-offer-important-information,1,no,success,200.0,5. After Accepting an Offer -  Important Information | HKBU AR,https://ar.hkbu.edu.hk/tpg-studies/prospective-student/how-to-apply/5-after-accepting-an-offer-important-information,2026-06-25T15:28:32+00:00,data/raw_pages/hkbu__admitted_student__9b38df832a.txt,text/html,6163,success,5. After Accepting an Offer -  Important Information | HKBU AR,https://ar.hkbu.edu.hk/tpg-studies/prospective-student/how-to-apply/5-after-accepting-an-offer-important-information,2026-06-25T15:28:32+00:00,data/raw_pages/hkbu__admitted_student__9b38df832a.txt,text/html,6163,1,1,2026-06-25T15:28:32+00:00,yes,no,,
HKBU,registration,registration,https://ar.hkbu.edu.hk/tpg-studies/prospective-student/how-to-apply/5-after-accepting-an-offer-registration-for-newly-admitted-students,1,no,success,200.0,5. After Accepting an Offer -  Registration for Newly Admitted Students | HKBU AR,https://ar.hkbu.edu.hk/tpg-studies/prospective-student/how-to-apply/5-after-accepting-an-offer-registration-for-newly-admitted-students,2026-06-25T15:28:53+00:00,data/raw_pages/hkbu__registration__03b4acb4cf.txt,text/html,8119,success,5. After Accepting an Offer -  Registration for Newly Admitted Students | HKBU AR,https://ar.hkbu.edu.hk/tpg-studies/prospective-student/how-to-apply/5-after-accepting-an-offer-registration-for-newly-admitted-students,2026-06-25T15:28:53+00:00,data/raw_pages/hkbu__registration__03b4acb4cf.txt,text/html,8119,1,1,2026-06-25T15:28:53+00:00,yes,no,,
HKBU,tuition,payment,https://ar.hkbu.edu.hk/tpg-studies/current-students/academic-requirements/tuition-fees,1,no,success,200.0,Tuition Fees | HKBU AR,https://ar.hkbu.edu.hk/tpg-studies/current-students/academic-requirements/tuition-fees,2026-06-25T15:28:52+00:00,data/raw_pages/hkbu__tuition__b26bb7241b.txt,text/html,5136,success,Tuition Fees | HKBU AR,https://ar.hkbu.edu.hk/tpg-studies/current-students/academic-requirements/tuition-fees,2026-06-25T15:28:52+00:00,data/raw_pages/hkbu__tuition__b26bb7241b.txt,text/html,5136,1,1,2026-06-25T15:28:52+00:00,yes,no,,
HKBU,visa,visa,https://ar.hkbu.edu.hk/tpg-studies/prospective-student/how-to-apply/5-after-accepting-an-offer-student-visa-application,1,no,success,200.0,5. After Accepting an Offer -  Student Visa Application | HKBU AR,https://ar.hkbu.edu.hk/tpg-studies/prospective-student/how-to-apply/5-after-accepting-an-offer-student-visa-application,2026-06-25T15:28:39+00:00,data/raw_pages/hkbu__visa__84ca068b28.txt,text/html,7791,success,5. After Accepting an Offer -  Student Visa Application | HKBU AR,https://ar.hkbu.edu.hk/tpg-studies/prospective-student/how-to-apply/5-after-accepting-an-offer-student-visa-application,2026-06-25T15:28:39+00:00,data/raw_pages/hkbu__visa__84ca068b28.txt,text/html,7791,1,1,2026-06-25T15:28:39+00:00,yes,no,,
HKBU,accommodation,housing,https://sa.hkbu.edu.hk/en/accm/on-campus-accommodation/apply-for-pg-accommodation/non-local-taught-postgraduate-students.html,2,no,success,200.0,Non-local Taught Postgraduate Students,https://sa.hkbu.edu.hk/en/accm/on-campus-accommodation/apply-for-pg-accommodation/non-local-taught-postgraduate-students.html,2026-06-25T15:28:40+00:00,data/raw_pages/hkbu__accommodation__4fcb37f87c.txt,text/html,3807,success,Non-local Taught Postgraduate Students,https://sa.hkbu.edu.hk/en/accm/on-campus-accommodation/apply-for-pg-accommodation/non-local-taught-postgraduate-students.html,2026-06-25T15:28:40+00:00,data/raw_pages/hkbu__accommodation__4fcb37f87c.txt,text/html,3807,1,1,2026-06-25T15:28:40+00:00,yes,no,,
HKBU,faq,general,https://ar.hkbu.edu.hk/tpg-studies/faq/after-acceptance-of-admission-offer,2,no,success_dynamic,200.0,After Acceptance of Admission Offer | HKBU AR,https://ar.hkbu.edu.hk/tpg-studies/faq/after-acceptance-of-admission-offer,2026-06-29T15:14:03+00:00,data/raw_pages/hkbu__faq__365fce2cee.txt,text/html,31675,success_dynamic,After Acceptance of Admission Offer | HKBU AR,https://ar.hkbu.edu.hk/tpg-studies/faq/after-acceptance-of-admission-offer,2026-06-29T15:14:03+00:00,data/raw_pages/hkbu__faq__365fce2cee.txt,text/html,31675,3,3,2026-06-29T15:14:03+00:00,yes,no,,expanded_clicks=27; before_chars=4970; after_visible_chars=16031
HKBU,orientation,orientation,https://ar.hkbu.edu.hk/tpg-studies/current-students/orientation-information,2,no,success,200.0,Orientation Information | HKBU AR,https://ar.hkbu.edu.hk/tpg-studies/current-students/orientation-information,2026-06-25T15:28:54+00:00,data/raw_pages/hkbu__orientation__b3008cca05.txt,text/html,6163,success,Orientation Information | HKBU AR,https://ar.hkbu.edu.hk/tpg-studies/current-students/orientation-information,2026-06-25T15:28:54+00:00,data/raw_pages/hkbu__orientation__b3008cca05.txt,text/html,6163,1,1,2026-06-25T15:28:54+00:00,yes,no,,
HKU,accommodation,housing,https://housing.cedars.hku.hk/,1,no,success,200.0,Home - HKU Cedars - Housing,https://housing.cedars.hku.hk/,2026-06-25T15:26:21+00:00,data/raw_pages/hku__accommodation__60671ecd83.txt,text/html,1083,success,Home - HKU Cedars - Housing,https://housing.cedars.hku.hk/,2026-06-25T15:26:21+00:00,data/raw_pages/hku__accommodation__60671ecd83.txt,text/html,1083,1,1,2026-06-25T15:26:21+00:00,yes,no,,
HKU,offer_holder,offer_acceptance,https://admissions.hku.hk/tpg/,1,no,success,200.0,Home,https://portal.hku.hk/tpg-admissions/,2026-06-25T15:25:47+00:00,data/raw_pages/hku__offer_holder__f4446ddc52.txt,text/html,2315,success,Home,https://portal.hku.hk/tpg-admissions/,2026-06-25T15:25:47+00:00,data/raw_pages/hku__offer_holder__f4446ddc52.txt,text/html,2315,1,1,2026-06-25T15:25:47+00:00,yes,no,,
HKU,registration,registration,https://ase.hku.hk/mr/mr_guide.pdf,1,no,success,200.0,mr_guide,https://ase.hku.hk/mr/mr_guide.pdf,2026-06-29T00:31:35+00:00,data/raw_pages/hku__registration__08e6451d08.txt,application/pdf,6198,success,mr_guide,https://ase.hku.hk/mr/mr_guide.pdf,2026-06-29T00:31:35+00:00,data/raw_pages/hku__registration__08e6451d08.txt,application/pdf,6198,2,1,2026-06-29T00:31:35+00:00,yes,no,,
HKU,visa,visa,https://studentvisa.hku.hk/,1,no,success,200.0,HKU Student Visa,https://studentvisa.hku.hk/,2026-06-25T15:26:14+00:00,data/raw_pages/hku__visa__72771fb2bb.txt,text/html,5539,success,HKU Student Visa,https://studentvisa.hku.hk/,2026-06-25T15:26:14+00:00,data/raw_pages/hku__visa__72771fb2bb.txt,text/html,5539,1,1,2026-06-25T15:26:14+00:00,yes,no,,
HKU,faq,general,https://admissions.hku.hk/tpg/faq,2,no,success,200.0,FAQ,https://portal.hku.hk/tpg-admissions/applying/faq,2026-06-25T15:27:04+00:00,data/raw_pages/hku__faq__3f72d8f8be.txt,text/html,9469,success,FAQ,https://portal.hku.hk/tpg-admissions/applying/faq,2026-06-25T15:27:04+00:00,data/raw_pages/hku__faq__3f72d8f8be.txt,text/html,9469,1,1,2026-06-25T15:27:04+00:00,yes,no,,
HKU,orientation,orientation,https://www.cedars.hku.hk/non-local/orientationdaypg,2,no,success,200.0,CEDARS’ Orientation Day for Non-local Students,https://www.cedars.hku.hk/non-local/orientationdaypg,2026-06-25T15:26:56+00:00,data/raw_pages/hku__orientation__730848db52.txt,text/html,4407,success,CEDARS’ Orientation Day for Non-local Students,https://www.cedars.hku.hk/non-local/orientationdaypg,2026-06-25T15:26:56+00:00,data/raw_pages/hku__orientation__730848db52.txt,text/html,4407,1,1,2026-06-25T15:26:56+00:00,yes,no,,
HKU,tuition,payment,https://admissions.hku.hk/tpg/,2,no,success,200.0,Home,https://portal.hku.hk/tpg-admissions/,2026-06-25T15:26:28+00:00,data/raw_pages/hku__tuition__f4446ddc52.txt,text/html,2315,success,Home,https://portal.hku.hk/tpg-admissions/,2026-06-25T15:26:28+00:00,data/raw_pages/hku__tuition__f4446ddc52.txt,text/html,2315,1,1,2026-06-25T15:26:28+00:00,yes,no,,
HKUST,accommodation,housing,https://shrl.hkust.edu.hk/apply-for-housing/pg/tpgs-visiting-internship-students-and-mba-students,1,no,success,200.0,"PG Housing Application for TPGs, Visiting Internship Students and MBA Students | Student Housing and Residential Life",https://shrl.hkust.edu.hk/apply-for-housing/pg/tpgs-visiting-internship-students-and-mba-students,2026-06-25T15:27:33+00:00,data/raw_pages/hkust__accommodation__f1697ce4e9.txt,text/html,1042,success,"PG Housing Application for TPGs, Visiting Internship Students and MBA Students | Student Housing and Residential Life",https://shrl.hkust.edu.hk/apply-for-housing/pg/tpgs-visiting-internship-students-and-mba-students,2026-06-25T15:27:33+00:00,data/raw_pages/hkust__accommodation__f1697ce4e9.txt,text/html,1042,1,1,2026-06-25T15:27:33+00:00,yes,no,,
HKUST,offer_holder,offer_acceptance,https://fytgs.hkust.edu.hk/admissions/Admission-to-Hong-Kong-Campus/after-getting-an-offer/accepting-offer,1,no,success,200.0,Accepting an Offer | HKUST Fok Ying Tung Graduate School,https://fytgs.hkust.edu.hk/admissions/Admission-to-Hong-Kong-Campus/after-getting-an-offer/accepting-offer,2026-06-25T15:27:23+00:00,data/raw_pages/hkust__offer_holder__4f15615f16.txt,text/html,1545,success,Accepting an Offer | HKUST Fok Ying Tung Graduate School,https://fytgs.hkust.edu.hk/admissions/Admission-to-Hong-Kong-Campus/after-getting-an-offer/accepting-offer,2026-06-25T15:27:23+00:00,data/raw_pages/hkust__offer_holder__4f15615f16.txt,text/html,1545,1,1,2026-06-25T15:27:23+00:00,yes,no,,
HKUST,registration,registration,https://fytgs.hkust.edu.hk/admissions/Admission-to-Hong-Kong-Campus/after-getting-an-offer/handy-resources-preparing-your-studies/handy-resources-tpg,1,no,success,200.0,Handy Resources for Studying at HKUST - Taught Postgraduate Students | HKUST Fok Ying Tung Graduate School,https://fytgs.hkust.edu.hk/admissions/Admission-to-Hong-Kong-Campus/after-getting-an-offer/handy-resources-preparing-your-studies/handy-resources-tpg,2026-06-25T15:27:39+00:00,data/raw_pages/hkust__registration__dbe794c92c.txt,text/html,5561,success,Handy Resources for Studying at HKUST - Taught Postgraduate Students | HKUST Fok Ying Tung Graduate School,https://fytgs.hkust.edu.hk/admissions/Admission-to-Hong-Kong-Campus/after-getting-an-offer/handy-resources-preparing-your-studies/handy-resources-tpg,2026-06-25T15:27:39+00:00,data/raw_pages/hkust__registration__dbe794c92c.txt,text/html,5561,1,1,2026-06-25T15:27:39+00:00,yes,no,,
HKUST,tuition,payment,https://fytgs.hkust.edu.hk/admissions/Admission-to-Hong-Kong-Campus/submitting-an-application/scholarships-and-fees,1,no,success,200.0,Scholarships and Fees | HKUST Fok Ying Tung Graduate School,https://fytgs.hkust.edu.hk/admissions/Admission-to-Hong-Kong-Campus/submitting-an-application/scholarships-and-fees,2026-06-25T15:27:38+00:00,data/raw_pages/hkust__tuition__b82f703497.txt,text/html,9390,success,Scholarships and Fees | HKUST Fok Ying Tung Graduate School,https://fytgs.hkust.edu.hk/admissions/Admission-to-Hong-Kong-Campus/submitting-an-application/scholarships-and-fees,2026-06-25T15:27:38+00:00,data/raw_pages/hkust__tuition__b82f703497.txt,text/html,9390,1,1,2026-06-25T15:27:38+00:00,yes,no,,
HKUST,visa,visa,https://fytgs.hkust.edu.hk/admissions/Admission-to-Hong-Kong-Campus/after-getting-an-offer/applying-student-visa,1,no,success,200.0,Applying for Student Visa | HKUST Fok Ying Tung Graduate School,https://fytgs.hkust.edu.hk/admissions/Admission-to-Hong-Kong-Campus/after-getting-an-offer/applying-student-visa,2026-06-25T15:27:32+00:00,data/raw_pages/hkust__visa__b221798f94.txt,text/html,5035,success,Applying for Student Visa | HKUST Fok Ying Tung Graduate School,https://fytgs.hkust.edu.hk/admissions/Admission-to-Hong-Kong-Campus/after-getting-an-offer/applying-student-visa,2026-06-25T15:27:32+00:00,data/raw_pages/hkust__visa__b221798f94.txt,text/html,5035,1,1,2026-06-25T15:27:32+00:00,yes,no,,
HKUST,faq,general,https://fytgs.hkust.edu.hk/admissions/faq,2,no,success,,FAQ | HKUST Fok Ying Tung Graduate School,https://fytgs.hkust.edu.hk/admissions/faq,2026-06-29T15:53:14+00:00,data/raw_pages/hkust__faq__5f50ef1f66.txt,text/plain,10058,success,FAQ | HKUST Fok Ying Tung Graduate School,https://fytgs.hkust.edu.hk/admissions/faq,2026-06-29T15:53:14+00:00,data/raw_pages/hkust__faq__5f50ef1f66.txt,text/plain,10058,7,2,2026-06-29T15:53:14+00:00,yes,no,,manual_capture_from=C:\Users\jay\.codex\attachments\d59e874e-11ab-48bd-9d83-17be1307d3a6\pasted-text.txt
HKUST,orientation,orientation,https://fytgs.hkust.edu.hk/admissions/Admission-to-Hong-Kong-Campus/after-getting-an-offer/moving-to-hong-kong,2,yes,success_dynamic,200.0,Moving to Hong Kong (for Non-Local Students) | HKUST Fok Ying Tung Graduate School,https://fytgs.hkust.edu.hk/admissions/Admission-to-Hong-Kong-Campus/after-getting-an-offer/moving-to-hong-kong,2026-06-29T01:07:05+00:00,data/raw_pages/hkust__orientation__1fecd8a26f.txt,text/html,1481,success_dynamic,Moving to Hong Kong (for Non-Local Students) | HKUST Fok Ying Tung Graduate School,https://fytgs.hkust.edu.hk/admissions/Admission-to-Hong-Kong-Campus/after-getting-an-offer/moving-to-hong-kong,2026-06-29T01:07:05+00:00,data/raw_pages/hkust__orientation__1fecd8a26f.txt,text/html,1481,2,2,2026-06-29T01:07:05+00:00,yes,no,,
Lingnan,accommodation,housing,https://www.ln.edu.hk/osa/student-experience/cultural-integration/planning-your-arrival/accommodation,1,no,success,200.0,Accommodation | Office of Student Affairs,https://www.ln.edu.hk/osa/student-experience/cultural-integration/planning-your-arrival/accommodation,2026-06-25T15:29:06+00:00,data/raw_pages/lingnan__accommodation__b3f417eee7.txt,text/html,5023,success,Accommodation | Office of Student Affairs,https://www.ln.edu.hk/osa/student-experience/cultural-integration/planning-your-arrival/accommodation,2026-06-25T15:29:06+00:00,data/raw_pages/lingnan__accommodation__b3f417eee7.txt,text/html,5023,1,1,2026-06-25T15:29:06+00:00,yes,no,,
Lingnan,admitted_student,offer_acceptance,https://www.ln.edu.hk/sgs/for-prospective-students/taught-postgraduate-programmes/admission-information,1,no,success,200.0,Admission Information | School of Graduate Studies,https://www.ln.edu.hk/sgs/for-prospective-students/taught-postgraduate-programmes/admission-information,2026-06-25T15:28:57+00:00,data/raw_pages/lingnan__admitted_student__2c6fe37f4e.txt,text/html,6505,success,Admission Information | School of Graduate Studies,https://www.ln.edu.hk/sgs/for-prospective-students/taught-postgraduate-programmes/admission-information,2026-06-25T15:28:57+00:00,data/raw_pages/lingnan__admitted_student__2c6fe37f4e.txt,text/html,6505,1,1,2026-06-25T15:28:57+00:00,yes,no,,
Lingnan,registration,registration,https://www.ln.edu.hk/sgs/for-prospective-students/taught-postgraduate-programmes/admission-information,1,no,success,200.0,Admission Information | School of Graduate Studies,https://www.ln.edu.hk/sgs/for-prospective-students/taught-postgraduate-programmes/admission-information,2026-06-25T15:29:09+00:00,data/raw_pages/lingnan__registration__2c6fe37f4e.txt,text/html,6505,success,Admission Information | School of Graduate Studies,https://www.ln.edu.hk/sgs/for-prospective-students/taught-postgraduate-programmes/admission-information,2026-06-25T15:29:09+00:00,data/raw_pages/lingnan__registration__2c6fe37f4e.txt,text/html,6505,1,1,2026-06-25T15:29:09+00:00,yes,no,,
Lingnan,visa,visa,https://www.ln.edu.hk/fb/tpo/applications/information-for-non-local-applicants,1,no,success,200.0,Information for Non-local Applicants | Taught Postgraduate Programmes Office (TPO),https://www.ln.edu.hk/fb/tpo/applications/information-for-non-local-applicants,2026-06-25T15:29:04+00:00,data/raw_pages/lingnan__visa__33c7e9e07f.txt,text/html,2598,success,Information for Non-local Applicants | Taught Postgraduate Programmes Office (TPO),https://www.ln.edu.hk/fb/tpo/applications/information-for-non-local-applicants,2026-06-25T15:29:04+00:00,data/raw_pages/lingnan__visa__33c7e9e07f.txt,text/html,2598,1,1,2026-06-25T15:29:04+00:00,yes,no,,
Lingnan,faq,general,https://www.ln.edu.hk/sgs/tpg/applications/faqs,2,yes,success_dynamic,200.0,FAQs | Taught Postgraduate Programmes,https://www.ln.edu.hk/sgs/tpg/applications/faqs,2026-06-29T01:13:50+00:00,data/raw_pages/lingnan__faq__0872ef5a56.txt,text/html,4329,success_dynamic,FAQs | Taught Postgraduate Programmes,https://www.ln.edu.hk/sgs/tpg/applications/faqs,2026-06-29T01:13:50+00:00,data/raw_pages/lingnan__faq__0872ef5a56.txt,text/html,4329,2,2,2026-06-29T01:13:50+00:00,yes,no,,
Lingnan,orientation,orientation,https://www.ln.edu.hk/osa/student-experience/cultural-integration/orientation-and-support/orientation-for-non-local-taught-postgraduate-students,2,no,success,200.0,Orientation for Non-local Taught Postgraduate Students | Office of Student Affairs,https://www.ln.edu.hk/osa/student-experience/cultural-integration/orientation-and-support/orientation-for-non-local-taught-postgraduate-students,2026-06-25T15:29:10+00:00,data/raw_pages/lingnan__orientation__7f6128ddc7.txt,text/html,2105,success,Orientation for Non-local Taught Postgraduate Students | Office of Student Affairs,https://www.ln.edu.hk/osa/student-experience/cultural-integration/orientation-and-support/orientation-for-non-local-taught-postgraduate-students,2026-06-25T15:29:10+00:00,data/raw_pages/lingnan__orientation__7f6128ddc7.txt,text/html,2105,1,1,2026-06-25T15:29:10+00:00,yes,no,,
Lingnan,tuition,payment,https://www.ln.edu.hk/sgs/tpg,2,yes,success_dynamic,200.0,Taught Postgraduate Programmes,https://www.ln.edu.hk/sgs/tpg,2026-06-29T01:07:05+00:00,data/raw_pages/lingnan__tuition__7b55255fef.txt,text/html,861,success_dynamic,Taught Postgraduate Programmes,https://www.ln.edu.hk/sgs/tpg,2026-06-29T01:07:05+00:00,data/raw_pages/lingnan__tuition__7b55255fef.txt,text/html,861,2,2,2026-06-29T01:07:05+00:00,yes,no,,
PolyU,accommodation,housing,https://www.polyu.edu.hk/sao/student-resources-and-support-section/residential-life/,1,no,success,200.0,Residential Life | Student Affairs Office,https://www.polyu.edu.hk/sao/student-resources-and-support-section/residential-life/,2026-06-25T15:29:56+00:00,data/raw_pages/polyu__accommodation__c379374a46.txt,text/html,1494,success,Residential Life | Student Affairs Office,https://www.polyu.edu.hk/sao/student-resources-and-support-section/residential-life/,2026-06-25T15:29:56+00:00,data/raw_pages/polyu__accommodation__c379374a46.txt,text/html,1494,2,1,2026-06-25T15:29:56+00:00,yes,no,,
PolyU,offer_holder,offer_acceptance,https://www.polyu.edu.hk/study/pg/taught-postgraduate/,1,no,success,200.0,Taught Postgraduate Programmes & Studies in Hong Kong | The Hong Kong Polytechnic University (PolyU),https://www.polyu.edu.hk/study/pg/taught-postgraduate,2026-06-25T15:28:03+00:00,data/raw_pages/polyu__offer_holder__3618d61205.txt,text/html,3103,success,Taught Postgraduate Programmes & Studies in Hong Kong | The Hong Kong Polytechnic University (PolyU),https://www.polyu.edu.hk/study/pg/taught-postgraduate,2026-06-25T15:28:03+00:00,data/raw_pages/polyu__offer_holder__3618d61205.txt,text/html,3103,1,1,2026-06-25T15:28:03+00:00,yes,no,,
PolyU,registration,registration,https://www.polyu.edu.hk/ar/students-in-taught-programmes/registration-information/programme-registration-enrolment/,1,no,success,200.0,Registration / Enrolment Arrangements,https://www.polyu.edu.hk/ar/students-in-taught-programmes/registration-information/programme-registration-enrolment/,2026-06-25T15:28:20+00:00,data/raw_pages/polyu__registration__9a36ae5989.txt,text/html,1176,success,Registration / Enrolment Arrangements,https://www.polyu.edu.hk/ar/students-in-taught-programmes/registration-information/programme-registration-enrolment/,2026-06-25T15:28:20+00:00,data/raw_pages/polyu__registration__9a36ae5989.txt,text/html,1176,1,1,2026-06-25T15:28:20+00:00,yes,no,,
PolyU,tuition,payment,https://www.polyu.edu.hk/study/pg/taught-postgraduate/tuition-fees-tpg,1,no,success,200.0,Tuition Fees (TPG) | The Hong Kong Polytechnic University (PolyU),https://www.polyu.edu.hk/study/pg/taught-postgraduate/tuition-fees-tpg,2026-06-25T15:28:15+00:00,data/raw_pages/polyu__tuition__7a0cb87fc1.txt,text/html,52543,success,Tuition Fees (TPG) | The Hong Kong Polytechnic University (PolyU),https://www.polyu.edu.hk/study/pg/taught-postgraduate/tuition-fees-tpg,2026-06-25T15:28:15+00:00,data/raw_pages/polyu__tuition__7a0cb87fc1.txt,text/html,52543,1,1,2026-06-25T15:28:15+00:00,yes,no,,
PolyU,visa,visa,https://www.polyu.edu.hk/ar/web/for-new-students/non-local-students/important-notes-for-non-local-students/,1,no,success,200.0,Home | Academic Registry,https://www.polyu.edu.hk/ar/,2026-06-25T15:28:09+00:00,data/raw_pages/polyu__visa__fece1a69f0.txt,text/html,1505,success,Home | Academic Registry,https://www.polyu.edu.hk/ar/,2026-06-25T15:28:09+00:00,data/raw_pages/polyu__visa__fece1a69f0.txt,text/html,1505,1,1,2026-06-25T15:28:09+00:00,yes,no,,
PolyU,faq,general,https://www.polyu.edu.hk/study/pg/taught-postgraduate/frequently-asked-questions-tpg,2,no,success_dynamic,200.0,Frequently Asked Questions (TPG) | The Hong Kong Polytechnic University (PolyU),https://www.polyu.edu.hk/study/pg/taught-postgraduate/frequently-asked-questions-tpg,2026-06-29T15:14:43+00:00,data/raw_pages/polyu__faq__16043ebe18.txt,text/html,19934,success_dynamic,Frequently Asked Questions (TPG) | The Hong Kong Polytechnic University (PolyU),https://www.polyu.edu.hk/study/pg/taught-postgraduate/frequently-asked-questions-tpg,2026-06-29T15:14:43+00:00,data/raw_pages/polyu__faq__16043ebe18.txt,text/html,19934,3,3,2026-06-29T15:14:43+00:00,yes,no,,expanded_clicks=0; before_chars=18799; after_visible_chars=18799
PolyU,orientation,orientation,https://www.polyu.edu.hk/sao/student-resources-and-support-section/non-local-student-services/programmes-for-nls/orientation-and-welcoming-weeks/,2,no,success,200.0,Orientation and Welcoming Weeks | Student Affairs Office,https://www.polyu.edu.hk/sao/student-resources-and-support-section/non-local-student-services/programmes-for-nls/orientation-and-welcoming-weeks/,2026-06-25T15:28:22+00:00,data/raw_pages/polyu__orientation__1cf0ab32ab.txt,text/html,1394,success,Orientation and Welcoming Weeks | Student Affairs Office,https://www.polyu.edu.hk/sao/student-resources-and-support-section/non-local-student-services/programmes-for-nls/orientation-and-welcoming-weeks/,2026-06-25T15:28:22+00:00,data/raw_pages/polyu__orientation__1cf0ab32ab.txt,text/html,1394,1,1,2026-06-25T15:28:22+00:00,yes,no,,
